0 0.03408015146733986 0.17853626517886445 0.04196907541811297 0.17853626517886445 0.04196907541811297 0.20118148999015426 0.03408015146733986 0.20118148999015426
0 0.033449037551278 0.20183787331801772 0.042600189334174816 0.20183787331801772 0.042600189334174816 0.22218575648178537 0.033449037551278 0.22218575648178537
1 0.3385926159671821 0.2569740728585494 0.3647838434837488 0.2569740728585494 0.3647838434837488 0.2858549392845422 0.3385926159671821 0.2858549392845422
1 0.31492584411486274 0.526091237282573 0.33575260334490376 0.526091237282573 0.33575260334490376 0.546110928782409 0.31492584411486274 0.546110928782409
1 0.6251183338592616 0.48014440433212996 0.6538340170400757 0.48014440433212996 0.6538340170400757 0.5096816540859862 0.6251183338592616 0.5096816540859862
0 0.5342379299463553 0.018050541516245487 0.5762070053644683 0.018050541516245487 0.5762070053644683 0.03675746636035445 0.5342379299463553 0.03675746636035445
0 0.4992111076049227 0.9698063669182803 0.5310823603660461 0.9698063669182803 0.5310823603660461 0.9796521168362323 0.4992111076049227 0.9796521168362323
1 0.112969390975071 0.7909419100754841 0.1331650362890502 0.7909419100754841 0.1331650362890502 0.8132589432228421 0.112969390975071 0.8132589432228421
0 0.9476175449668666 0.027239908106334098 0.9577153676238561 0.027239908106334098 0.9577153676238561 0.05841811617984903 0.9476175449668666 0.05841811617984903
1 0.845377090564847 0.14735805710534952 0.8775639002840012 0.14735805710534952 0.8775639002840012 0.1680341319330489 0.845377090564847 0.1680341319330489
0 0.9473019880088356 0.5874630784378077 0.9558220258756706 0.5874630784378077 0.9558220258756706 0.6291434197571382 0.9473019880088356 0.6291434197571382
0 0.9283685705269801 0.9543813587134887 0.9425686336383717 0.9543813587134887 0.9425686336383717 0.9786675418444372 0.9283685705269801 0.9786675418444372
2 0.18018302303565795 0.3679028552674762 0.19406752918901862 0.3679028552674762 0.19406752918901862 0.5388907121759108 0.18018302303565795 0.5388907121759108
2 0.7671189649731777 0.4548736462093863 0.8393815083622594 0.4548736462093863 0.8393815083622594 0.741384968821792 0.7671189649731777 0.741384968821792
0 0.034711265383401704 0.46767312110272397 0.04859577153676239 0.46767312110272397 0.04859577153676239 0.4985231375123072 0.034711265383401704 0.4985231375123072
2 0.17671189649731778 0.08565802428618313 0.38056169138529505 0.08565802428618313 0.38056169138529505 0.1808336068263866 0.17671189649731778 0.1808336068263866
2 0.5323445881981698 0.34328848047259597 0.648785105711581 0.34328848047259597 0.648785105711581 0.4693140794223827 0.5323445881981698 0.4693140794223827
2 0.39886399495108865 0.4729241877256318 0.5288734616598296 0.4729241877256318 0.5288734616598296 0.6540859862159502 0.39886399495108865 0.6540859862159502