1 0.3382352941176471 0.5784219001610306 0.35575719649561954 0.5784219001610306 0.35575719649561954 0.5971014492753624 0.3382352941176471 0.5971014492753624
0 0.9421151439299124 0.5742351046698873 0.9543178973717147 0.5742351046698873 0.9543178973717147 0.6341384863123993 0.9421151439299124 0.6341384863123993
1 0.869837296620776 0.11594202898550725 0.8832916145181476 0.11594202898550725 0.8832916145181476 0.13011272141706925 0.869837296620776 0.13011272141706925
0 0.6192115143929913 0.9533011272141707 0.64549436795995 0.9533011272141707 0.64549436795995 0.966183574879227 0.6192115143929913 0.966183574879227
1 0.5969962453066333 0.7761674718196457 0.6276595744680851 0.7761674718196457 0.6276595744680851 0.8051529790660226 0.5969962453066333 0.8051529790660226
0 0.33948685857321653 0.9481481481481482 0.3967459324155194 0.9481481481481482 0.3967459324155194 0.9629629629629629 0.33948685857321653 0.9629629629629629
0 0.0434918648310388 0.555877616747182 0.05381727158948686 0.555877616747182 0.05381727158948686 0.5987117552334944 0.0434918648310388 0.5987117552334944
0 0.04130162703379224 0.2772946859903382 0.05068836045056321 0.2772946859903382 0.05068836045056321 0.32367149758454106 0.04130162703379224 0.32367149758454106
0 0.4145807259073842 0.02318840579710145 0.4599499374217772 0.02318840579710145 0.4599499374217772 0.03317230273752013 0.4145807259073842 0.03317230273752013
0 0.4996871088861076 0.02318840579710145 0.5469336670838548 0.02318840579710145 0.5469336670838548 0.03285024154589372 0.4996871088861076 0.03285024154589372
1 0.3926783479349186 0.2962962962962963 0.42334167709637044 0.2962962962962963 0.42334167709637044 0.322061191626409 0.3926783479349186 0.322061191626409
1 0.6633291614518148 0.4669887278582931 0.6836670838548186 0.4669887278582931 0.6836670838548186 0.4863123993558776 0.6633291614518148 0.4863123993558776
0 0.9230287859824781 0.9285024154589372 0.9414893617021277 0.9285024154589372 0.9414893617021277 0.9652173913043478 0.9230287859824781 0.9652173913043478
0 0.05350438047559449 0.9381642512077295 0.07290362953692116 0.9381642512077295 0.07290362953692116 0.9497584541062802 0.05350438047559449 0.9497584541062802
2 0.798811013767209 0.13494363929146538 0.8785982478097623 0.13494363929146538 0.8785982478097623 0.31529790660225443 0.798811013767209 0.31529790660225443
2 0.22715894868585731 0.6592592592592592 0.3579474342928661 0.6592592592592592 0.3579474342928661 0.7533011272141706 0.22715894868585731 0.7533011272141706
2 0.13704630788485608 0.7922705314009661 0.2997496871088861 0.7922705314009661 0.2997496871088861 0.8325281803542673 0.13704630788485608 0.8325281803542673
2 0.41708385481852317 0.16972624798711755 0.6871088861076345 0.16972624798711755 0.6871088861076345 0.22544283413848631 0.41708385481852317 0.22544283413848631
2 0.4762202753441802 0.5497584541062802 0.48936170212765956 0.5497584541062802 0.48936170212765956 0.5694041867954911 0.4762202753441802 0.5694041867954911