0 0.03701360329009807 0.07152061855670103 0.055994938310661185 0.07152061855670103 0.055994938310661185 0.1014819587628866 0.03701360329009807 0.1014819587628866
0 0.7310977538753559 0.9590850515463918 0.762100601075609 0.9590850515463918 0.762100601075609 0.9674613402061856 0.7310977538753559 0.9674613402061856
1 0.5937994305599494 0.7686855670103093 0.6045555204049351 0.7686855670103093 0.6045555204049351 0.7815721649484536 0.5937994305599494 0.7815721649484536
1 0.32426447326795316 0.5077319587628866 0.33343878519455866 0.5077319587628866 0.33343878519455866 0.5190077319587629 0.32426447326795316 0.5190077319587629
1 0.8038595381208479 0.45489690721649484 0.8161974058842139 0.45489690721649484 0.8161974058842139 0.4684278350515464 0.8038595381208479 0.4684278350515464
0 0.9481176842771275 0.49162371134020616 0.9588737741221133 0.49162371134020616 0.9588737741221133 0.5280283505154639 0.9481176842771275 0.5280283505154639
0 0.9462195507750711 0.06894329896907217 0.9617209743751978 0.06894329896907217 0.9617209743751978 0.09117268041237113 0.9462195507750711 0.09117268041237113
0 0.4811768427712749 0.025128865979381444 0.5112306232204998 0.025128865979381444 0.5112306232204998 0.03962628865979381 0.4811768427712749 0.03962628865979381
2 0.1683011705156596 0.36211340206185566 0.5238848465675419 0.36211340206185566 0.5238848465675419 0.4175257731958763 0.1683011705156596 0.4175257731958763
2 0.609617209743752 0.23292525773195877 0.6687757038911737 0.23292525773195877 0.6687757038911737 0.4065721649484536 0.609617209743752 0.4065721649484536
2 0.7959506485289465 0.03479381443298969 0.8449857639987346 0.03479381443298969 0.8449857639987346 0.11469072164948453 0.7959506485289465 0.11469072164948453
2 0.841189496994622 0.07764175257731959 0.8702942106928188 0.07764175257731959 0.8702942106928188 0.11211340206185567 0.841189496994622 0.11211340206185567
2 0.8655488769376779 0.163659793814433 0.9525466624485922 0.163659793814433 0.9525466624485922 0.2806056701030928 0.8655488769376779 0.2806056701030928
2 0.2590952230306865 0.5596005154639175 0.506168933881683 0.5596005154639175 0.506168933881683 0.6639819587628866 0.2590952230306865 0.6639819587628866
2 0.31066118316988295 0.7580541237113402 0.34071496361910786 0.7580541237113402 0.34071496361910786 0.8025128865979382 0.31066118316988295 0.8025128865979382
2 0.5112306232204998 0.053479381443298966 0.622271433090794 0.053479381443298966 0.622271433090794 0.18524484536082475 0.5112306232204998 0.18524484536082475
2 0.29610882632078456 0.18556701030927836 0.5080670673837393 0.18556701030927836 0.5080670673837393 0.3537371134020619 0.29610882632078456 0.3537371134020619
2 0.11989876621322366 0.20070876288659795 0.16671939259727933 0.20070876288659795 0.16671939259727933 0.4181701030927835 0.11989876621322366 0.4181701030927835
2 0.09490667510281557 0.04349226804123711 0.12179689971527997 0.04349226804123711 0.12179689971527997 0.19877577319587628 0.09490667510281557 0.19877577319587628
2 0.18823157228725088 0.4900128865979381 0.2565643783612781 0.4900128865979381 0.2565643783612781 0.6614046391752577 0.18823157228725088 0.6614046391752577
2 0.1689338816830117 0.4217139175257732 0.18949699462195507 0.4217139175257732 0.18949699462195507 0.48711340206185566 0.1689338816830117 0.48711340206185566
2 0.06864916165770325 0.676868556701031 0.20151850680164504 0.676868556701031 0.20151850680164504 0.7029639175257731 0.06864916165770325 0.7029639175257731
2 0.20784561847516608 0.6633376288659794 0.25688073394495414 0.6633376288659794 0.25688073394495414 0.6781572164948454 0.20784561847516608 0.6781572164948454
2 0.5099652008857957 0.4948453608247423 0.6187915216703574 0.4948453608247423 0.6187915216703574 0.5586340206185567 0.5099652008857957 0.5586340206185567
2 0.25941157861436254 0.6659149484536082 0.28630180322682697 0.6659149484536082 0.28630180322682697 0.7152061855670103 0.25941157861436254 0.7152061855670103
2 0.34261309712116417 0.8063788659793815 0.40082252451755773 0.8063788659793815 0.40082252451755773 0.882409793814433 0.34261309712116417 0.882409793814433
2 0.4036697247706422 0.8843427835051546 0.48623853211009177 0.8843427835051546 0.48623853211009177 0.9635953608247423 0.4036697247706422 0.9635953608247423
2 0.7943688706105663 0.7329252577319587 0.8956026573869029 0.7329252577319587 0.8956026573869029 0.7864046391752577 0.7943688706105663 0.7864046391752577
2 0.7228725086997786 0.4023840206185567 0.7965833596962987 0.4023840206185567 0.7965833596962987 0.5093427835051546 0.7228725086997786 0.5093427835051546