1 0.19727272727272727 0.16899696048632218 0.21848484848484848 0.16899696048632218 0.21848484848484848 0.20759878419452887 0.19727272727272727 0.20759878419452887
0 0.4390909090909091 0.04164133738601824 0.4951515151515152 0.04164133738601824 0.4951515151515152 0.0574468085106383 0.4390909090909091 0.0574468085106383
0 0.9284848484848485 0.22249240121580546 0.9418181818181818 0.22249240121580546 0.9418181818181818 0.27386018237082066 0.9284848484848485 0.27386018237082066
0 0.923939393939394 0.664741641337386 0.9366666666666666 0.664741641337386 0.9366666666666666 0.6936170212765957 0.923939393939394 0.6936170212765957
0 0.4915151515151515 0.9237082066869301 0.5554545454545454 0.9237082066869301 0.5554545454545454 0.9319148936170213 0.4915151515151515 0.9319148936170213
0 0.06787878787878789 0.9042553191489362 0.08272727272727273 0.9042553191489362 0.08272727272727273 0.9212765957446809 0.06787878787878789 0.9212765957446809
0 0.05515151515151515 0.5404255319148936 0.06636363636363636 0.5404255319148936 0.06636363636363636 0.5939209726443769 0.05515151515151515 0.5939209726443769
0 0.05393939393939394 0.13343465045592706 0.06060606060606061 0.13343465045592706 0.06060606060606061 0.17386018237082068 0.05393939393939394 0.17386018237082068
1 0.6436363636363637 0.17082066869300913 0.6724242424242424 0.17082066869300913 0.6724242424242424 0.1939209726443769 0.6436363636363637 0.1939209726443769
1 0.5036363636363637 0.47811550151975685 0.5357575757575758 0.47811550151975685 0.5357575757575758 0.5024316109422492 0.5036363636363637 0.5024316109422492
1 0.32 0.6501519756838906 0.34606060606060607 0.6501519756838906 0.34606060606060607 0.6717325227963525 0.32 0.6717325227963525
1 0.7584848484848485 0.7355623100303952 0.7766666666666666 0.7355623100303952 0.7766666666666666 0.7498480243161094 0.7584848484848485 0.7498480243161094
0 0.05606060606060606 0.05319148936170213 0.09454545454545454 0.05319148936170213 0.09454545454545454 0.06018237082066869 0.05606060606060606 0.06018237082066869
2 0.5612121212121212 0.878419452887538 0.566969696969697 0.878419452887538 0.566969696969697 0.8975683890577507 0.5612121212121212 0.8975683890577507
2 0.5072727272727273 0.6948328267477204 0.6536363636363637 0.6948328267477204 0.6536363636363637 0.7620060790273556 0.5072727272727273 0.7620060790273556
2 0.2642424242424242 0.4267477203647416 0.39454545454545453 0.4267477203647416 0.39454545454545453 0.5395136778115501 0.2642424242424242 0.5395136778115501
2 0.6193939393939394 0.3589665653495441 0.7345454545454545 0.3589665653495441 0.7345454545454545 0.45045592705167176 0.6193939393939394 0.45045592705167176
2 0.31575757575757574 0.17264437689969606 0.546060606060606 0.17264437689969606 0.546060606060606 0.20030395136778115 0.31575757575757574 0.20030395136778115