1 0.18308520747545137 0.1996124031007752 0.20304086157744694 0.1996124031007752 0.20304086157744694 0.2180232558139535 0.18308520747545137 0.2180232558139535
1 0.7171365220145708 0.7419250645994832 0.7386759581881533 0.7419250645994832 0.7386759581881533 0.7667958656330749 0.7171365220145708 0.7667958656330749
1 0.35951853025023756 0.8830749354005168 0.3775736458663288 0.8830749354005168 0.3775736458663288 0.9001937984496124 0.35951853025023756 0.9001937984496124
0 0.04022806461830852 0.04102067183462532 0.08552423186569529 0.04102067183462532 0.08552423186569529 0.07622739018087855 0.04022806461830852 0.07622739018087855
0 0.08869179600886919 0.0377906976744186 0.11403230915426038 0.0377906976744186 0.11403230915426038 0.044896640826873384 0.08869179600886919 0.044896640826873384
0 0.1165663604687995 0.03811369509043928 0.1545771301868863 0.03811369509043928 0.1545771301868863 0.046188630490956076 0.1165663604687995 0.046188630490956076
0 0.15616091225847323 0.037467700258397935 0.18942033576179917 0.037467700258397935 0.18942033576179917 0.045542635658914726 0.15616091225847323 0.045542635658914726
0 0.35698447893569846 0.0332687338501292 0.38295850490972444 0.0332687338501292 0.38295850490972444 0.04683462532299742 0.35698447893569846 0.04683462532299742
0 0.5644599303135889 0.03197674418604651 0.5977193538169148 0.03197674418604651 0.5977193538169148 0.04263565891472868 0.5644599303135889 0.04263565891472868
0 0.5989863794741843 0.03294573643410853 0.6335128286347799 0.03294573643410853 0.6335128286347799 0.05297157622739018 0.5989863794741843 0.05297157622739018
1 0.7269559708584099 0.2374031007751938 0.759581881533101 0.2374031007751938 0.759581881533101 0.2596899224806202 0.7269559708584099 0.2596899224806202
0 0.9394995248653786 0.3785529715762274 0.9676908457396263 0.3785529715762274 0.9676908457396263 0.4279715762273902 0.9394995248653786 0.4279715762273902
0 0.939816281279696 0.8032945736434108 0.9562876148242002 0.8032945736434108 0.9562876148242002 0.8397932816537468 0.939816281279696 0.8397932816537468
0 0.6179917643332278 0.9654392764857881 0.6503009185936015 0.9654392764857881 0.6503009185936015 0.9802971576227391 0.6179917643332278 0.9802971576227391
0 0.3902439024390244 0.9657622739018088 0.40386442825467217 0.9657622739018088 0.40386442825467217 0.9777131782945736 0.3902439024390244 0.9777131782945736
0 0.03832752613240418 0.7044573643410853 0.058599936648717134 0.7044573643410853 0.058599936648717134 0.7506459948320413 0.03832752613240418 0.7506459948320413
1 0.4649984162179284 0.5080749354005168 0.509344314222363 0.5080749354005168 0.509344314222363 0.5468346253229974 0.4649984162179284 0.5468346253229974
2 0.33164396579030725 0.4050387596899225 0.5178967374089325 0.4050387596899225 0.5178967374089325 0.4357235142118863 0.33164396579030725 0.4357235142118863
2 0.46278112131770666 0.2603359173126615 0.6848273677541971 0.2603359173126615 0.6848273677541971 0.32396640826873385 0.46278112131770666 0.32396640826873385
2 0.8222996515679443 0.6143410852713178 0.8454228698131138 0.6143410852713178 0.8454228698131138 0.7432170542635659 0.8222996515679443 0.7432170542635659
2 0.484954070319924 0.6737726098191215 0.6800760215394361 0.6737726098191215 0.6800760215394361 0.7606589147286822 0.484954070319924 0.7606589147286822
2 0.18308520747545137 0.25387596899224807 0.2676591700981945 0.25387596899224807 0.2676591700981945 0.3678940568475452 0.18308520747545137 0.3678940568475452
2 0.2074754513778904 0.1973514211886305 0.2682926829268293 0.1973514211886305 0.2682926829268293 0.2487080103359173 0.2074754513778904 0.2487080103359173
2 0.2708267342413684 0.17861757105943152 0.3173899271460247 0.17861757105943152 0.3173899271460247 0.24903100775193798 0.2708267342413684 0.24903100775193798
2 0.2733607855559075 0.25516795865633074 0.3756731073804245 0.25516795865633074 0.3756731073804245 0.355297157622739 0.2733607855559075 0.355297157622739