1 0.6057425131213338 0.3789707750952986 0.6211793763507255 0.3789707750952986 0.6211793763507255 0.39485387547649303 0.6057425131213338 0.39485387547649303
1 0.2831120716270454 0.7674714104193139 0.2994751466502007 0.7674714104193139 0.2994751466502007 0.7846251588310038 0.2831120716270454 0.7846251588310038
0 0.5054029021302872 0.945997458703939 0.5297931460327262 0.945997458703939 0.5297931460327262 0.9558449809402796 0.5054029021302872 0.9558449809402796
1 0.8610682309354739 0.8605463786531131 0.8690953998147577 0.8605463786531131 0.8690953998147577 0.8697585768742059 0.8610682309354739 0.8697585768742059
1 0.8419265205310281 0.5952986022871665 0.8508799012040753 0.5952986022871665 0.8508799012040753 0.6013341804320204 0.8419265205310281 0.6013341804320204
0 0.9465884532263044 0.3281448538754765 0.9577029947514665 0.3281448538754765 0.9577029947514665 0.3624523506988564 0.9465884532263044 0.3624523506988564
0 0.33961099104661935 0.02636594663278272 0.37851188638468664 0.02636594663278272 0.37851188638468664 0.041296060991105464 0.33961099104661935 0.041296060991105464
0 0.05217659771534424 0.1642312579415502 0.062364927446742824 0.1642312579415502 0.062364927446742824 0.1937738246505718 0.05217659771534424 0.1937738246505718
0 0.1253473294226613 0.9377382465057179 0.15776474220438408 0.9377382465057179 0.15776474220438408 0.9440914866581956 0.1253473294226613 0.9440914866581956
2 0.2080889163322013 0.032401524777636595 0.23680148193887002 0.032401524777636595 0.23680148193887002 0.19218551461245234 0.2080889163322013 0.19218551461245234
1 0.2364927446742822 0.19282083862770014 0.24143254090768757 0.19282083862770014 0.24143254090768757 0.2039390088945362 0.2364927446742822 0.2039390088945362
1 0.25316455696202533 0.2662007623888183 0.2627354121642482 0.2662007623888183 0.2627354121642482 0.2830368487928844 0.25316455696202533 0.2830368487928844
1 0.40537202840382836 0.14167725540025414 0.4137079345476999 0.14167725540025414 0.4137079345476999 0.1508894536213469 0.40537202840382836 0.1508894536213469
2 0.24050632911392406 0.20616264294790343 0.25532571781414015 0.20616264294790343 0.25532571781414015 0.26429479034307496 0.24050632911392406 0.26429479034307496
2 0.257486878666255 0.2849428208386277 0.2713800555727076 0.2849428208386277 0.2713800555727076 0.3624523506988564 0.257486878666255 0.3624523506988564
2 0.2692188947205928 0.3646759847522236 0.2775548008644643 0.3646759847522236 0.2775548008644643 0.46950444726810675 0.2692188947205928 0.46950444726810675
2 0.2775548008644643 0.4726810673443456 0.2849644952145724 0.4726810673443456 0.2849644952145724 0.6057814485387548 0.2775548008644643 0.6057814485387548
2 0.28372954615622104 0.6315120711562897 0.293300401358444 0.6315120711562897 0.293300401358444 0.7649301143583227 0.28372954615622104 0.7649301143583227
2 0.2920654523000926 0.7862134688691232 0.31367706082124114 0.7862134688691232 0.31367706082124114 0.9485387547649301 0.2920654523000926 0.9485387547649301
2 0.18369867242976226 0.7519059720457433 0.20407533189255944 0.7519059720457433 0.20407533189255944 0.8491105463786531 0.18369867242976226 0.8491105463786531
2 0.2201296696511269 0.5619440914866582 0.2383451682618092 0.5619440914866582 0.2383451682618092 0.6724904701397713 0.2201296696511269 0.6724904701397713
2 0.20314912009879593 0.6721728081321474 0.22167335597406607 0.6721728081321474 0.22167335597406607 0.7506353240152478 0.20314912009879593 0.7506353240152478
2 0.05402902130287126 0.38373570520965694 0.11515899969126274 0.38373570520965694 0.11515899969126274 0.44059720457433293 0.05402902130287126 0.44059720457433293
2 0.11608521148502625 0.4412325285895807 0.1762889780796542 0.4412325285895807 0.1762889780796542 0.49269377382465057 0.11608521148502625 0.49269377382465057
2 0.17845013893176906 0.49428208386277 0.23772769373263353 0.49428208386277 0.23772769373263353 0.5565438373570522 0.17845013893176906 0.5565438373570522
2 0.4186477307811053 0.8668996188055909 0.44612534732942266 0.8668996188055909 0.44612534732942266 0.9507623888182973 0.4186477307811053 0.9507623888182973
2 0.3831429453535042 0.7852604828462516 0.4186477307811053 0.7852604828462516 0.4186477307811053 0.8653113087674714 0.3831429453535042 0.8653113087674714
2 0.34825563445507873 0.7452350698856417 0.3612225995677678 0.7452350698856417 0.3612225995677678 0.8265565438373571 0.34825563445507873 0.8265565438373571
2 0.36276628589070703 0.6493011435832274 0.38561284347020686 0.6493011435832274 0.38561284347020686 0.741423125794155 0.36276628589070703 0.741423125794155
2 0.38468663167644335 0.5530495552731893 0.4103118246372337 0.5530495552731893 0.4103118246372337 0.6473951715374842 0.38468663167644335 0.6473951715374842
2 0.4103118246372337 0.4647395171537484 0.4309972213646187 0.4647395171537484 0.4309972213646187 0.5511435832274459 0.4103118246372337 0.5511435832274459
2 0.43161469589379436 0.38850063532401524 0.44921271997530104 0.38850063532401524 0.44921271997530104 0.4625158831003812 0.43161469589379436 0.4625158831003812
2 0.45044766903365235 0.29891994917407877 0.4726767520839765 0.29891994917407877 0.4726767520839765 0.3853240152477764 0.45044766903365235 0.3853240152477764
2 0.4739117011423279 0.2099745870393901 0.49737573325100337 0.2099745870393901 0.49737573325100337 0.29701397712833544 0.4739117011423279 0.29701397712833544
2 0.4976844705155912 0.13913595933926304 0.5242358752701451 0.13913595933926304 0.5242358752701451 0.20902160101651843 0.4976844705155912 0.20902160101651843
2 0.4751466502006792 0.06607369758576874 0.5257795615930843 0.06607369758576874 0.5257795615930843 0.12960609911054638 0.4751466502006792 0.12960609911054638
2 0.5291756715035505 0.1318297331639136 0.5699289904291448 0.1318297331639136 0.5699289904291448 0.18202033036848794 0.5291756715035505 0.18202033036848794
2 0.5711639394874961 0.18297331639135958 0.6156221055881445 0.18297331639135958 0.6156221055881445 0.2391994917407878 0.5711639394874961 0.2391994917407878
2 0.6180920037048472 0.24110546378653114 0.6591540598950293 0.24110546378653114 0.6591540598950293 0.29383735705209657 0.6180920037048472 0.29383735705209657
2 0.6619326952763198 0.29383735705209657 0.6900277863538129 0.29383735705209657 0.6900277863538129 0.3281448538754765 0.6619326952763198 0.3281448538754765
2 0.5276319851806113 0.03843710292249047 0.565915405989503 0.03843710292249047 0.565915405989503 0.12642947903430748 0.5276319851806113 0.12642947903430748
2 0.759493670886076 0.5219186785260482 0.866625501698055 0.5219186785260482 0.866625501698055 0.5632147395171537 0.759493670886076 0.5632147395171537
2 0.6505094164865699 0.4758576874205845 0.7573325100339611 0.4758576874205845 0.7573325100339611 0.5193773824650572 0.6505094164865699 0.5193773824650572
2 0.8030256251929608 0.6458068614993647 0.919110836677987 0.6458068614993647 0.919110836677987 0.656289707750953 0.8030256251929608 0.656289707750953
2 0.6928064217351034 0.6521601016518425 0.8011732016054338 0.6521601016518425 0.8011732016054338 0.6674078780177891 0.6928064217351034 0.6674078780177891
2 0.586600802716888 0.6191232528589581 0.6924976844705156 0.6191232528589581 0.6924976844705156 0.6547013977128335 0.586600802716888 0.6547013977128335
2 0.5072553257178142 0.6181702668360864 0.5838221673355974 0.6181702668360864 0.5838221673355974 0.6381829733163914 0.5072553257178142 0.6381829733163914
2 0.7264587835751776 0.8052731893265566 0.7987033034887311 0.8052731893265566 0.7987033034887311 0.8621346886912326 0.7264587835751776 0.8621346886912326
2 0.6523618400740969 0.7601651842439644 0.7252238345168261 0.7601651842439644 0.7252238345168261 0.8059085133418044 0.6523618400740969 0.8059085133418044
2 0.36307502315529483 0.7436467598475223 0.383451682618092 0.7436467598475223 0.383451682618092 0.78430749682338 0.36307502315529483 0.78430749682338
2 0.2973139857980858 0.6359593392630242 0.3306576103735721 0.6359593392630242 0.3306576103735721 0.6896442185514613 0.2973139857980858 0.6896442185514613
2 0.3322012966965113 0.6909148665819568 0.3599876505094165 0.6909148665819568 0.3599876505094165 0.7404701397712834 0.3322012966965113 0.7404701397712834
2 0.5662241432540908 0.4355146124523507 0.6511268910157456 0.4355146124523507 0.6511268910157456 0.47490470139771285 0.5662241432540908 0.47490470139771285
2 0.4532263044149429 0.38786531130876745 0.5652979314603273 0.38786531130876745 0.5652979314603273 0.43487928843710294 0.4532263044149429 0.43487928843710294
2 0.3578264896573016 0.3634053367217281 0.44705155912318617 0.3634053367217281 0.44705155912318617 0.386277001270648 0.3578264896573016 0.386277001270648