0 0.04962546816479401 0.04252618216439226 0.06710362047440699 0.04252618216439226 0.06710362047440699 0.05744208187876865 0.04962546816479401 0.05744208187876865
0 0.046504369538077406 0.11551888289431926 0.05742821473158552 0.11551888289431926 0.05742821473158552 0.1659790542684862 0.046504369538077406 0.1659790542684862
0 0.04525593008739076 0.5131704220882259 0.056491885143570536 0.5131704220882259 0.056491885143570536 0.5569660425261822 0.04525593008739076 0.5569660425261822
0 0.4416354556803995 0.9435099968264044 0.4772159800249688 0.9435099968264044 0.4772159800249688 0.9600126943827356 0.4416354556803995 0.9600126943827356
0 0.9444444444444444 0.38908283084735007 0.9612983770287141 0.38908283084735007 0.9612983770287141 0.4300222151697874 0.9444444444444444 0.4300222151697874
0 0.950374531835206 0.12281815296731197 0.9634831460674157 0.12281815296731197 0.9634831460674157 0.17137416693113297 0.950374531835206 0.17137416693113297
0 0.6392009987515606 0.031101237702316726 0.6800873907615481 0.031101237702316726 0.6800873907615481 0.03871786734370041 0.6392009987515606 0.03871786734370041
1 0.26747815230961297 0.4973024436686766 0.2843320848938826 0.4973024436686766 0.2843320848938826 0.5245953665503015 0.26747815230961297 0.5245953665503015
1 0.653558052434457 0.4728657569025706 0.6888264669163545 0.4728657569025706 0.6888264669163545 0.5014281180577594 0.653558052434457 0.5014281180577594
1 0.40418227215980024 0.23833703586163124 0.4282147315855181 0.23833703586163124 0.4282147315855181 0.25388765471278957 0.40418227215980024 0.25388765471278957
1 0.44132334581772786 0.8089495398286258 0.45131086142322097 0.8089495398286258 0.45131086142322097 0.8184703268803555 0.44132334581772786 0.8184703268803555
1 0.8018102372034956 0.7845128530625198 0.8255305867665418 0.7845128530625198 0.8255305867665418 0.8073627419866709 0.8018102372034956 0.8073627419866709
2 0.3249063670411985 0.10758489368454459 0.6944444444444444 0.10758489368454459 0.6944444444444444 0.15677562678514756 0.3249063670411985 0.15677562678514756
2 0.41697877652933835 0.4604887337353221 0.4859550561797753 0.4604887337353221 0.4859550561797753 0.4982545223738496 0.41697877652933835 0.4982545223738496
2 0.15012484394506867 0.3218026023484608 0.41292134831460675 0.3218026023484608 0.41292134831460675 0.3446524912726119 0.15012484394506867 0.3446524912726119
2 0.5131086142322098 0.731831164709616 0.5886392009987516 0.731831164709616 0.5886392009987516 0.9311329736591558 0.5131086142322098 0.9311329736591558
2 0.49063670411985016 0.5004760393525864 0.5605493133583022 0.5004760393525864 0.5605493133583022 0.5458584576324976 0.49063670411985016 0.5458584576324976