1 0.4456073580716778 0.447228311932352 0.4678084364097685 0.447228311932352 0.4678084364097685 0.4610084559974945 0.4456073580716778 0.4610084559974945
1 0.16714240405962574 0.20889445662386472 0.20837297811607994 0.20889445662386472 0.20837297811607994 0.2389602254932665 0.16714240405962574 0.2389602254932665
1 0.17094830320329846 0.6326338866269966 0.18680621630193467 0.6326338866269966 0.18680621630193467 0.6482931412464766 0.17094830320329846 0.6482931412464766
0 0.03679035838883603 0.5822110867522706 0.049476688867745006 0.5822110867522706 0.049476688867745006 0.6053867835891011 0.03679035838883603 0.6053867835891011
0 0.03615604186489058 0.27936110241152523 0.051696796701554075 0.27936110241152523 0.051696796701554075 0.31882242405261507 0.03615604186489058 0.31882242405261507
0 0.039327624484617824 0.04290635765737551 0.06692039327624484 0.04290635765737551 0.06692039327624484 0.050735984967115566 0.039327624484617824 0.050735984967115566
0 0.3904218204884237 0.03632947071719386 0.41452584839835077 0.03632947071719386 0.41452584839835077 0.04948324459755716 0.3904218204884237 0.04948324459755716
0 0.7342213764668569 0.03852176636392108 0.7567396130669204 0.03852176636392108 0.7567396130669204 0.052301910429063576 0.7342213764668569 0.052301910429063576
0 0.8464954012052014 0.0416536172878171 0.8782112274024738 0.0416536172878171 0.8782112274024738 0.04854368932038835 0.8464954012052014 0.04854368932038835
0 0.9578179511576277 0.2831193235202004 0.9647954329210275 0.2831193235202004 0.9647954329210275 0.2925148762918885 0.9578179511576277 0.2925148762918885
0 0.9333967649857279 0.8787973692452239 0.9464002537266096 0.8787973692452239 0.9464002537266096 0.9032258064516129 0.9333967649857279 0.9032258064516129
1 0.7751347922613384 0.7911055433761353 0.800824611481129 0.7911055433761353 0.800824611481129 0.8170999060444722 0.7751347922613384 0.8170999060444722
0 0.5651760228353948 0.946445349201378 0.6146527117031398 0.946445349201378 0.6146527117031398 0.9539617914187285 0.5651760228353948 0.9539617914187285
0 0.40754836663495086 0.9439398684622612 0.44941325721535047 0.9439398684622612 0.44941325721535047 0.9514563106796117 0.40754836663495086 0.9514563106796117
1 0.7348556929908024 0.18540557469464453 0.7811607992388202 0.18540557469464453 0.7811607992388202 0.22016911994989039 0.7348556929908024 0.22016911994989039
0 0.9416428797970187 0.04321954274976511 0.9654297494449731 0.04321954274976511 0.9654297494449731 0.04885687441277795 0.9416428797970187 0.04885687441277795
2 0.3523628290516968 0.16316943313498278 0.6818902632413575 0.16316943313498278 0.6818902632413575 0.24083933604760413 0.3523628290516968 0.24083933604760413
2 0.523628290516968 0.5336673974318823 0.575325087218522 0.5336673974318823 0.575325087218522 0.6955840901973066 0.523628290516968 0.6955840901973066
2 0.13669521091024422 0.7741935483870968 0.23977164605137963 0.7741935483870968 0.23977164605137963 0.8427810836204197 0.13669521091024422 0.8427810836204197
2 0.8090707262924199 0.7867209520826809 0.848081192515065 0.7867209520826809 0.848081192515065 0.9148136548700282 0.8090707262924199 0.9148136548700282
0 0.04567078972407231 0.9276542436580019 0.06660323501427212 0.9276542436580019 0.06660323501427212 0.93704979642969 0.04567078972407231 0.93704979642969
0 0.04408499841420869 0.9069840275602882 0.05264827148747225 0.9069840275602882 0.05264827148747225 0.9273410585656123 0.04408499841420869 0.9273410585656123
1 0.43070091975895974 0.48136548700281867 0.4367269267364415 0.48136548700281867 0.4367269267364415 0.4898214844973379 0.43070091975895974 0.4898214844973379