1 0.2998745294855709 0.3609634031904911 0.3252823086574655 0.3609634031904911 0.3252823086574655 0.395996246481076 0.2998745294855709 0.395996246481076
1 0.5771643663739021 0.43446981545198626 0.6006900878293601 0.43446981545198626 0.6006900878293601 0.4548013762902721 0.5771643663739021 0.4548013762902721
1 0.23651191969887075 0.6737566468564279 0.24749058971141782 0.6737566468564279 0.24749058971141782 0.687832342821395 0.23651191969887075 0.687832342821395
0 0.465495608531995 0.02877697841726619 0.5181932245922208 0.02877697841726619 0.5181932245922208 0.046918986549890525 0.465495608531995 0.046918986549890525
0 0.04454203262233375 0.03753518923991242 0.05771643663739021 0.03753518923991242 0.05771643663739021 0.04910853925555208 0.04454203262233375 0.04910853925555208
1 0.13488080301129235 0.11260556771973726 0.1480552070263488 0.11260556771973726 0.1480552070263488 0.13356271504535502 0.13488080301129235 0.13356271504535502
0 0.038268506900878296 0.3628401626524867 0.04705144291091593 0.3628401626524867 0.04705144291091593 0.41226149515170474 0.038268506900878296 0.41226149515170474
0 0.04077791718946048 0.6847044103847357 0.05332496863237139 0.6847044103847357 0.05332496863237139 0.7206756334063185 0.04077791718946048 0.7206756334063185
0 0.5291718946047679 0.925555208007507 0.6122961104140527 0.925555208007507 0.6122961104140527 0.9458867688457929 0.5291718946047679 0.9458867688457929
0 0.9338143036386449 0.4047544573037222 0.9582810539523212 0.4047544573037222 0.9582810539523212 0.4197685329996872 0.9338143036386449 0.4197685329996872
0 0.9419698870765371 0.3797309978104473 0.9582810539523212 0.3797309978104473 0.9582810539523212 0.40256490459806066 0.9419698870765371 0.40256490459806066
2 0.2129861982434128 0.2005004691898655 0.5577164366373902 0.2005004691898655 0.5577164366373902 0.23428213950578666 0.2129861982434128 0.23428213950578666
2 0.7907779171894604 0.28964654363465747 0.8146173149309912 0.28964654363465747 0.8146173149309912 0.4932749452611824 0.7907779171894604 0.4932749452611824
0 0.04642409033877039 0.8977166093212386 0.059284818067754076 0.8977166093212386 0.059284818067754076 0.9274319674695026 0.04642409033877039 0.9274319674695026
0 0.9319322459222082 0.7594619956208946 0.9438519447929736 0.7594619956208946 0.9438519447929736 0.7916796997184861 0.9319322459222082 0.7916796997184861
0 0.9407151819322459 0.03784798248357835 0.9595357590966123 0.03784798248357835 0.9595357590966123 0.05254926493587739 0.9407151819322459 0.05254926493587739
2 0.6260978670012547 0.21457616515483266 0.7434127979924717 0.21457616515483266 0.7434127979924717 0.31122927744760714 0.6260978670012547 0.31122927744760714
2 0.4780426599749059 0.3146700031279324 0.6254705144291092 0.3146700031279324 0.6254705144291092 0.42289646543634657 0.4780426599749059 0.42289646543634657
2 0.6163739021329987 0.5242414763841101 0.7352572145545797 0.5242414763841101 0.7352572145545797 0.6277760400375352 0.6163739021329987 0.6277760400375352
2 0.3312421580928482 0.6553018454801376 0.35978670012547054 0.6553018454801376 0.35978670012547054 0.7751016578041914 0.3312421580928482 0.7751016578041914